10000
13834
60186
26391
76261
99706
5635
36964
64330
64458
60762
10921
59006
77736
27246
15729
52390
55177
37609
70232
30811
4316
50463
10620
36619
83280
29599
57920
11136
26536
41215
99444
99326
46037
16890
82058
72418
41184
57740
48153
4934
61590
23456
92351
62556
16854
41281
15971
64825
3366
74916
5858
41329
73269
9389
30684
77572
80050
11802
36344
17386
21470
88330
29126
80119
65981
42556
37701
71981
14517
28661
37963
27947
3926
20749
16020
35390
4487
59742
78488
20056
35795
11329
34349
85114
67940
98577
84325
72028
42924
18443
50973
14088
18519
17349
3277
49039
96890
73423
91225
56
83419
63352
86944
65958
56547
64932
2676
7489
620
58985
84075
89274
50712
14854
4660
86555
47982
20299
88259
30060
34672
69074
74427
69510
99024
35821
53786
78160
71464
42054
9777
36883
59415
73209
29536
46488
14510
52625
43664
11354
68595
40670
52437
62691
35555
20981
99561
18058
11043
19370
46211
69071
38376
84840
69981
61574
5446
63289
58234
92320
50573
39972
94539
32151
31094
34803
87152
17368
30368
21625
12825
42994
78412
66846
4769
55443
3801
75934
48146
68830
40236
54527
89813
58192
48840
70798
62009
6818
84058
79193
51242
85206
86085
3643
52842
57402
10606
65525
89620
60566
5371
3346
8509
80045
62733
15297
37823
41402
23985
75931
26779
44601
7067
70397
69928
81626
29299
43134
35131
79475
75631
1035
37626
53333
56613
35253
93199
89662
86022
53951
52529
50989
92719
96949
81703
41881
44926
47137
71769
83059
99531
59149
5317
25942
14050
9469
4746
73306
15495
96539
88803
68322
38950
79253
83737
17751
31569
74762
97491
88174
26272
63066
4459
17134
71561
76024
4346
1363
90578
6255
44640
64741
58800
55222
25462
17424
52808
61624
6247
95968
65878
9186
58670
66770
34086
69618
15190
44940
33234
37190
63359
18133
57269
15760
94604
54601
36710
45404
25397
31225
91661
92346
62099
98698
93511
85088
843
41790
14362
58217
54239
68482
10
42525
65594
30783
6547
93006
30614
98516
73015
7241
25214
31030
57601
10383
45852
84836
17229
95013
35071
4010
11908
17340
77053
25632
55120
66885
19660
39052
43962
95850
41185
46670
46751
37493
38513
37249
85531
79563
35494
64305
53949
49966
76365
72643
13186
98373
28279
52311
10383
83374
25080
47890
8165
89457
67281
29861
80966
8168
6666
80544
95059
92033
32232
12740
78710
61561
19678
72515
84060
32930
26314
14707
64823
61998
48162
77977
29808
91264
78822
3586
50116
86628
86145
14009
33876
98867
37793
20068
70422
88066
72489
37124
68850
5814
13467
33550
53556
13538
3556
88493
26201
1182
49819
65824
51574
82337
45943
61513
4244
76242
56966
15626
69236
73222
11386
26707
49901
5503
51080
77206
84783
97012
18429
52248
29926
47686
7045
13565
74928
14946
83461
42232
18371
62822
35365
93956
76074
96146
85839
20464
26917
8891
26388
37309
83409
38784
61754
84658
95833
62684
68994
19155
84686
1790
79171
49725
96457
95108
79685
75399
66736
17747
24508
98253
94883
4625
92010
61531
80740
64237
30393
88593
48000
69845
13890
31165
38198
32877
82076
45820
445
14261
59893
32899
38229
14264
78429
12844
24909
63679
73129
46521
84471
35765
11120
99624
13589
91577
77867
94281
94276
48074
59685
29815
90155
85174
31345
12915
46348
12073
40444
7668
12901
7390
98007
34088
36675
77012
14399
15891
79465
53436
21454
71009
85050
10311
24582
65868
42461
71940
91319
49985
98723
98565
46082
76375
65255
26825
50798
78644
25830
99433
93428
39475
68709
57280
66389
11333
77892
32849
76982
89550
5965
73808
460
40970
11073
87621
71927
3531
74449
65715
8081
62458
82019
35239
92805
49766
98644
28167
32551
86323
14598
26875
60089
76595
24692
55561
5502
20737
76799
74061
7578
13756
75589
2242
34865
70427
5220
80879
85612
34856
5267
12216
89724
72723
27814
13328
5646
75984
35052
15150
54250
69448
79111
33017
70062
22325
61351
69894
75351
45840
87983
67241
66686
81269
8729
12812
73520
38507
15390
95496
12058
56493
74438
30292
93156
22987
70345
96734
25627
15398
3515
62118
53743
17186
9702
45831
45799
62335
3907
12060
57035
73597
74564
40708
30537
42603
20034
83460
73310
59191
84940
49957
86913
4874
11108
89620
60963
73373
71710
84230
62643
25760
92114
92917
85458
29237
77704
27147
20060
97404
18970
82280
2892
32857
20544
9113
14801
15792
91838
28330
70250
41135
57569
91176
93741
69175
64085
97470
99683
49600
54185
59899
4124
60774
98944
53694
31198
99841
40734
44827
10545
92407
758
22698
82843
61676
25020
32095
40595
21893
62874
68328
55271
39365
93422
41013
32943
42886
48620
31054
34571
22382
67999
1355
24686
20089
30009
58270
48480
14421
84654
37967
46213
82266
93058
63169
64651
39144
43802
22214
69990
51618
18328
48761
67961
1651
86946
48279
51820
36637
46743
56100
88492
58402
66481
30142
45679
36563
11235
77514
86090
24197
68178
4851
38866
98639
53520
2203
82322
81453
47959
90510
66662
52655
92128
28495
49116
75695
43550
48568
5921
94492
79498
46503
80911
21731
16229
54992
91715
63664
59945
94123
77641
57026
89173
97802
34809
88944
16188
27551
67495
21562
60201
68742
11990
38981
68541
84040
24380
28264
44491
4204
24823
9142
69982
3173
50230
89576
7708
73313
82136
16830
54938
90871
35261
88112
91100
81381
83746
48128
94664
71069
76244
70298
78394
62970
69944
67450
10864
97329
70998
71252
81061
25550
78483
85543
15200
12825
49833
85535
95810
21359
4521
40590
12202
82786
49833
38308
40627
49982
90331
3127
78789
44607
33125
31218
59729
93276
53753
45017
32204
51340
98538
86227
81541
14086
60198
76530
16956
18851
30800
57612
52670
37472
16981
72725
99875
26903
84326
18002
91229
42623
24283
57196
78535
96978
1385
57955
6424
58887
20649
33505
33403
9759
39147
95509
87695
62014
19069
67028
42019
61362
243
45289
34390
65502
99050
25529
5271
63111
6399
11797
15183
56944
84062
80429
53817
59510
8206
79315
39608
80698
35846
79202
61318
75551
64066
40118
54736
64460
53418
66807
36735
84876
90858
6627
2443
29247
88874
94333
15130
16414
60303
61731
76321
54930
12189
60911
77424
28572
79648
89783
13429
96160
19802
19774
21303
18375
32833
80408
66163
19922
50400
69474
89339
43438
3203
27151
84621
21641
23795
20268
29382
24653
92118
17736
23336
64302
3701
80168
24569
17482
92199
56644
72483
28915
57774
62506
58756
95261
52524
32628
63736
46592
86366
88827
8085
43721
14716
23876
80230
1715
49662
22813
44365
60600
3166
37373
12647
56686
48100
58065
77288
84592
64251
4636
39633
52282
31018
2620
23491
96566
38931
35179
7400
88906
51925
98370
95683
10856
79746
27559
48073
89866
59568
69925
72707
55078
38217
28660
8784
90084
22499
84841
18514
84446
57708
15405
63471
13417
50197
69391
41779
12644
66817
23994
36462
42261
29947
30108
39919
41509
57215
38089
9032
96598
50804
5613
525
6630
99197
5711
15143
65963
80645
4926
41983
81980
31670
62512
54714
83117
5595
274
52152
79597
89
75215
93273
15997
60870
75059
98900
1277
28262
59399
58528
94854
36789
25260
80879
38731
78395
75622
51304
6675
71413
74427
52662
18907
38222
6216
72278
27327
15715
81544
5027
24975
73836
2161
66902
62028
931
41258
35616
3783
42844
61848
26650
35716
65005
19127
3621
66768
44429
31489
48370
51560
84535
59752
63856
42662
35142
8808
94524
12652
34675
29952
75516
1458
9801
70700
2907
23110
70596
81881
33510
4247
97421
43895
94468
63539
85372
62456
82481
54205
67792
94090
40851
1477
9600
5159
27674
1720
22194
72440
81968
720
7476
31147
84592
30243
48925
98656
2446
78296
34943
46608
68295
74328
87688
51357
93416
32551
50779
96507
32451
62379
3847
90128
41129
2209
28325
27142
44317
62341
18090
6649
71473
8910
3876
82171
38651
23180
43251
26044
19949
35048
53126
88513
61926
99219
58820
75618
45284
4913
269
97945
99069
80701
42548
99918
29712
33292
98095
19195
77503
84417
47005
40117
91908
92467
86341
92873
50896
7017
8645
80592
43309
59090
97246
98433
40369
54494
93753
64321
89715
81331
16710
98191
26872
76024
11918
62190
32753
39861
73913
33361
19086
42679
80809
98484
40613
70009
27385
95865
64876
80535
798
99146
74909
10993
14859
90917
47670
79743
55195
48316
50056
43887
8674
10444
4516
24683
34335
14362
58842
82317
37843
4002
2409
87708
85860
92577
39615
77564
44001
63326
63938
78203
32993
2382
14478
50359
32660
92846
29653
52195
91294
85081
19402
45104
19756
15935
17242
87004
54466
29319
45141
92608
53133
32814
60476
45278
84712
88186
58832
50629
97519
24806
37306
74081
2228
39971
31241
47926
43650
62720
48095
52156
76954
51247
5377
64624
26904
73240
53616
91851
79915
98027
51516
91036
4593
74750
685
95827
27759
32578
38869
40659
33730
34729
73482
42869
21500
12437
72826
25201
18164
25765
22117
19310
40936
72874
27017
48270
96413
35476
37066
3253
88205
52662
9384
70752
93824
26211
59234
70134
52427
50884
55053
52234
44648
93685
79417
31104
3465
14304
49199
99767
59946
68197
48802
77698
64992
96686
27012
79647
2743
63440
10068
19754
94015
92970
36093
45921
39108
39219
46196
87587
54954
39505
12957
80581
71703
24193
39295
54064
24687
42530
15565
611
30625
63198
66106
70871
89532
32788
64874
60107
15544
50886
52044
36393
38874
68762
88805
87443
85913
21079
812
78200
95071
33930
95449
63750
14657
43236
43974
70262
70466
57950
40009
35096
67101
1278
4893
75342
13653
7247
75146
2180
13738
64565
38355
94216
39087
42334
9960
56649
1848
87419
64101
39250
25179
69926
59369
80299
64080
73282
84919
98197
86131
35128
98450
97996
71661
40147
69871
2534
51846
53413
29301
65053
23420
25843
67281
58668
16313
31264
21661
44169
2785
92148
54362
80530
28756
86408
94972
28070
61628
91784
21277
60837
71742
21606
69659
78888
58703
39738
5170
52982
54387
47152
19580
89791
64949
16212
61742
51394
708
77133
80254
40461
77783
4322
55332
70831
3037
29723
86650
69149
82850
51919
73603
84174
8930
85911
27790
27269
69088
33297
57208
86613
74552
28139
41947
25860
50426
4772
416
22261
96010
76879
11918
29650
98435
15394
6487
40519
95853
97469
36437
53805
79039
28737
7512
4746
89186
35575
11456
6211
12100
90715
28014
16380
59018
22076
48861
55310
80889
66989
35449
50772
17268
61852
89800
96712
41457
92257
27165
72600
1504
73729
64613
17552
53990
99889
152
1247
57133
92644
18398
63443
71139
37928
67890
61855
78867
41710
80610
17114
34400
67094
46776
34925
20559
64217
94597
71142
8096
35306
95718
88278
85020
51349
20619
82827
80288
55357
54887
54931
33189
48223
92808
79428
25375
82915
60677
54642
22788
36852
31447
82910
75241
60699
84546
13471
78923
60581
43326
22476
4495
48097
99608
66547
78326
89480
21090
33082
24150
57386
44386
36880
52492
85196
369
68928
25226
44456
64973
69280
14363
35705
68878
96542
38260
66657
91887
60327
57199
68053
37241
54488
2778
99288
75114
28765
25703
63811
93975
53306
13723
6425
87354
74636
3240
50050
18277
95882
24610
84188
39668
22346
66319
53877
55984
51193
41560
95526
59458
27683
41393
12907
44306
19431
85404
7736
85480
18128
99925
21644
48363
29168
3541
27810
94555
31254
83078
84124
46553
45629
85163
74505
40462
40766
35199
87958
69079
60805
92811
4442
34004
80371
86161
17508
95033
1546
62208
28413
46295
43630
47803
50939
14288
46303
98417
17840
70645
94436
12887
840
48880
63322
44446
37456
9062
98637
24667
22736
59130
73017
65317
31485
5207
53382
33767
65479
73032
76414
42181
86067
25318
31614
63319
21581
68715
38700
96496
18557
91740
77275
68635
7249
60189
93280
5149
59331
13586
45439
15832
3280
26137
15607
31982
18394
30510
52725
37532
2277
13351
88926
89524
37346
77885
38382
48077
93895
82424
64906
14242
3136
81642
39663
73168
89488
25098
43867
1437
19083
94107
11974
37435
60386
37230
3690
68075
68403
94008
97
12254
40213
40051
92134
44506
20317
34642
61093
32027
47814
2943
96686
52088
34568
379
29662
91001
57466
88983
14276
52307
55133
74734
83460
80610
96953
4225
65042
92920
68864
31868
46012
21642
19316
56694
57729
2671
20660
26920
27364
5037
13109
35848
11595
35512
71754
92624
37605
46735
13076
89997
2116
68524
34198
72950
38695
97504
87648
50912
90970
88371
68858
87927
62618
67913
73356
95371
96720
7544
49675
36720
25131
88867
34365
22245
80968
28052
7244
38565
79856
88570
43258
76406
50928
3981
80125
63825
53157
89512
84887
4769
14693
37236
52104
6677
35329
66827
24993
51822
91189
34838
67537
77521
78425
39495
29949
52212
97249
3131
11128
30203
16337
83360
79835
19800
88451
76801
60554
36405
73746
95486
49498
41263
94778
50624
62689
50185
93780
21587
45086
50002
45985
11087
68023
79539
63073
44999
77820
33887
47598
56503
59262
57553
32252
52734
42671
33806
59875
14041
71239
192
5242
64959
54180
89595
62336
95036
90814
45356
46346
38842
5278
45992
24624
36847
5215
68302
35893
20094
20380
89844
91707
7461
18072
28480
43889
23642
53946
91206
84878
13237
8070
95818
78188
53902
59692
62601
95952
18415
66937
28238
69427
63113
43057
29215
87635
33962
573
4991
23378
40195
22734
75837
80785
87920
490
31253
47953
22824
88197
52012
14524
21228
33709
15653
57497
68541
72993
22408
5843
73905
5723
13974
55787
6690
22331
46727
24740
7129
23822
95655
97935
60522
96570
75115
21807
53240
77573
32576
76637
15625
63993
20997
2929
51428
7582
18045
63374
75362
78680
53320
34708
6937
73611
24924
92600
64413
47761
72073
39447
7695
93706
75345
4802
49722
74111
30809
75107
95228
43207
88933
82029
52520
74222
61296
90868
35252
68965
13653
49415
74070
76504
75642
82924
99953
4527
90015
1894
95765
27289
11559
90151
36145
67968
99716
12767
91680
9884
53805
99741
79330
51385
84278
98481
21325
3358
4897
16900
30311
13128
39923
96773
21972
40839
63754
91635
37498
13754
983
89421
18730
31908
2916
22630
10870
34001
76057
10842
49612
1538
71628
96592
87482
28047
62130
81726
65301
60658
78649
99782
79285
41580
85987
70027
72880
65922
24231
80775
73803
34352
11756
23696
74913
46198
24458
38138
80463
20274
20819
93787
57204
91880
51839
99062
38765
38141
11803
17902
53801
93725
16115
95359
60001
59875
90904
94881
33486
21456
77327
80161
10428
8321
59450
70964
81023
57730
60084
25436
17788
80110
76075
97487
42059
8710
14054
21642
37004
2142
74122
63368
65512
65791
73071
38040
34630
8079
4928
96220
22020
36881
46370
6823
43818
33970
56117
76924
51991
2053
50211
9994
23185
21281
6531
55276
44328
10268
45753
51705
42301
70775
34431
58772
6026
85346
24135
53231
35874
11488
52972
10996
82624
42218
64433
24164
10633
98863
12222
15528
92158
34251
34086
66823
43396
18493
37603
60850
65063
4230
82617
79098
91738
63464
35678
38677
90050
73311
9024
5021
99610
97951
86951
67244
56519
90964
3759
16460
59639
74579
49135
77838
93477
47551
33071
32745
84761
98726
32991
27674
62761
11292
35417
33388
46483
63656
35638
61587
26058
62920
68129
57099
51619
49898
63993
5800
84879
79742
80026
13871
89714
59585
9651
37361
48206
31939
36152
70555
18323
84020
20398
53343
60823
70666
62129
13889
93084
99131
28259
82449
21635
60139
71629
36690
53454
29133
40211
75451
20265
51597
38437
81492
55502
24818
56066
85811
76528
65254
52579
65005
36715
96837
97917
55983
56463
77964
84815
78909
54100
87234
97135
54919
63834
13179
93420
76143
29717
19141
35321
39793
82110
88003
52729
39462
76695
46930
18229
82544
13799
23371
19133
72704
53442
47918
38560
18298
378
96880
41426
94463
46396
8939
42903
75650
52913
82891
49002
13936
95049
52329
46366
20892
47711
12379
14631
83723
50363
12496
95389
48274
60131
31333
95847
34980
65989
70981
35070
51207
48240
95563
56413
57122
58122
43096
18661
9277
64489
41449
38741
65915
44691
58268
52544
74353
43309
12218
96205
93407
544
87705
99071
74597
14445
97490
74432
45430
83506
17664
55550
39048
37739
70218
24943
93030
20791
39917
58409
18231
48736
4457
95974
39839
43316
93356
73767
47007
9525
89998
24116
20443
5048
15170
75532
69557
14644
12312
40157
64220
31420
48966
79026
35489
63380
91692
60569
81180
15994
17228
26957
26815
36753
12408
77947
32911
83596
15870
28932
21784
64208
76217
93518
43010
94697
51652
2083
90299
73105
55817
51305
93145
63609
30246
26833
9494
30015
30992
91891
9505
71853
62522
84619
83265
55024
25909
95975
44789
96830
69415
15764
66500
88543
71171
26917
88397
69023
78474
11408
70562
17076
48249
72685
29011
65152
24214
7876
91549
52274
53249
80563
52446
3700
88852
83754
15790
56398
55288
82254
46290
50298
49192
64267
3783
20841
91745
73743
50183
3558
45685
13694
57675
93627
49633
31455
71209
82294
18272
83133
38995
87662
48074
77772
73782
21601
74150
79465
89057
89475
29652
98093
62851
98047
95796
52444
3865
12914
19920
66325
86785
20486
16844
21858
61845
62189
72137
22804
59665
85055
1933
60094
34257
94515
20508
92259
21926
12200
9050
8738
27951
91755
40183
38637
64192
48078
24903
1857
12311
89395
4416
12138
5965
50648
19414
84310
10664
51939
37981
93033
55470
53584
11245
70494
43688
85872
78359
66260
86431
97413
17237
43601
79262
90469
54795
89956
49006
8707
93913
26543
85401
35466
83766
44618
35223
30158
98401
18004
37032
36726
10766
30759
73703
33863
6792
73584
97043
65620
88832
69152
89467
94228
70227
8252
62230
79096
5590
70234
31544
89170
45120
95486
51091
3098
98799
24172
42728
80044
42845
44707
31219
43880
60145
73922
23444
59909
43658
29028
59448
60404
78087
67929
58330
24773
64171
3532
3857
56404
66800
39701
36603
18797
7970
25260
7254
22828
46697
72365
62308
62654
93175
81379
24245
80536
30441
15378
61156
72109
5522
65161
51926
22071
7324
59725
28417
63389
79729
45570
4355
1949
3304
58312
26417
34654
50101
8121
56918
13554
65345
98461
70046
45135
51202
94760
61523
24789
5228
7600
42270
46870
99759
69212
70465
84097
27992
30062
84609
5455
23813
70917
11133
86827
9117
30441
52729
97271
48898
73078
99319
99719
71275
36666
24903
81731
63387
86852
577
91487
68959
1407
59971
87356
10393
18526
14201
13354
29589
76570
9100
80416
10211
68408
57664
30887
19707
50084
78441
70013
34791
81165
26673
85320
56942
61678
64630
26285
48921
52377
66031
54957
16684
84591
13227
19931
8152
77266
46329
87710
31639
68433
75996
25918
15973
54583
48938
37493
17166
19872
85747
34948
52479
18907
18551
52089
55619
27050
45816
50211
18759
61260
37104
40255
83710
28582
85609
31120
18541
49524
72766
92917
54200
26375
80453
54590
30717
23228
98156
58834
81734
92871
65503
7576
61779
33749
94815
74368
6445
87074
5109
30565
67524
67117
98195
28136
94325
7609
8546
91811
6573
41585
39948
14981
31386
29465
16221
9877
79867
36094
78006
86865
49240
57483
1201
13528
24131
78491
22782
76929
83684
11683
86162
87244
83627
43164
50909
47622
22763
57313
7964
35707
37327
6525
61708
99592
85049
96461
69214
32746
57494
23983
35963
45589
34385
17859
17076
51934
12554
63283
69657
66305
32221
69826
72000
82997
17872
40
19363
80434
15979
10015
70962
57471
63866
5471
11252
92612
58213
481
38472
14594
62727
11195
96840
3463
6834
35729
83262
88960
20342
64819
51696
66425
78926
30620
37485
5856
3376
37612
34822
89278
49908
80810
99359
34941
24087
71768
15551
47646
1630
29878
17717
98956
84355
62709
46771
29529
29782
18273
90029
27645
14791
54353
90469
68258
23759
7508
46831
15790
5117
35556
68272
84105
80559
1143
76519
74412
259
82708
22952
40861
74239
47898
66722
60762
13297
41036
7061
72979
40700
95308
65753
90401
4380
12028
16491
20278
63222
52885
26088
47394
56291
98319
76514
12736
38575
22141
75662
97156
52170
40681
12044
1579
66762
52835
26565
73873
26796
28808
64835
49799
30518
50430
87669
91607
66665
81645
78967
92931
90585
30140
48140
7830
92887
51382
29451
28160
879
71390
44413
90531
18674
88512
84553
86980
99278
11457
62361
90360
2763
31154
38799
13271
41858
23763
78852
20092
74450
35909
42904
66150
60082
57146
23691
58759
48074
34258
48267
35286
39822
54327
66569
23437
99067
45255
79238
60549
37879
52594
99613
21351
22896
46267
56803
56143
71813
408
90594
11530
82467
57085
53974
31924
41445
76580
78783
54755
56972
9323
77709
79811
12594
99360
39783
30054
38312
13198
14255
35708
66014
25427
91694
46976
99058
78211
27273
49149
63796
12689
3811
18294
2320
5013
29171
93688
30143
77944
14762
19150
49093
46150
7389
9042
32147
75054
58457
69436
46198
68675
83424
96822
54033
5114
29572
65866
24562
10728
97023
1127
2481
99488
4158
63077
26140
52492
56527
2788
10333
36549
79639
10056
30778
9840
40048
51389
89632
52217
14928
30767
6339
13798
33
23953
67847
93986
59873
290
91890
4933
32534
65638
57535
1685
37425
51249
22184
19218
19505
28624
14995
37311
2080
85088
11931
79755
93549
16746
54302
92310
96861
11125
26929
6353
64114
20888
91902
92679
59725
2983
48969
11837
90743
14685
75087
77923
71949
4822
65529
97133
25035
9940
76618
62681
16328
65386
29561
16252
63482
92074
21818
71936
20968
74582
14686
28140
88041
4983
53126
74022
29320
53159
21454
11832
15470
87456
23251
95505
97298
55455
37534
66297
32895
50266
39718
10890
43791
281
23485
59734
4789
24633
60195
97770
12224
63719
98756
13089
4439
25847
79743
46117
22332
99148
33502
42720
59367
92915
11446
33796
13990
5817
45541
4475
91559
84348
12504
66344
53941
71879
56549
29052
75927
69356
37823
5225
97756
35301
38065
54590
23270
89091
33014
75675
58707
26446
39330
23520
10056
81427
536
36661
75829
19694
39211
79503
7526
19070
32760
67020
91031
89505
84529
56177
47199
46310
94281
76598
79703
46852
43566
57809
69790
95845
42330
76107
1757
811
70778
5052
36153
69403
66190
58098
23157
78596
55470
71702
59551
66610
53884
74298
94253
49054
76722
61278
73503
53913
40864
5995
93516
46103
73692
25371
26168
39902
53017
77132
72949
41323
78002
33700
41669
13069
6060
19863
90920
98579
94532
69249
69906
76522
37037
73981
83067
576
18890
5223
39750
91352
23974
90351
31666
11874
9076
50801
87375
96705
67523
18449
35219
15944
81961
56163
3452
91223
78825
87480
93050
32533
46477
14304
32479
23407
64429
38589
68834
98361
59406
76569
86092
98173
66106
7698
12107
89687
48136
23963
51308
2128
96678
75545
42059
39986
79692
53258
90795
72931
69305
49032
73003
7696
94161
69143
59874
4858
59325
82534
83884
79256
13083
7622
16467
88483
37938
74937
52251
78711
42016
42443
33785
29234
25958
21531
23635
3277
29216
87751
13544
75755
40478
99147
38992
29632
65607
17408
9574
53759
15073
68838
36284
41181
79498
51409
42072
13553
97339
37307
10720
88985
90119
90183
64315
88734
67175
12605
13078
69377
98237
60226
3983
81262
81282
39699
68066
66607
35328
78703
84403
5451
96431
72879
11412
7159
67611
82377
55643
12202
12162
36149
98212
81198
38205
75194
87052
38016
765
60958
93060
5902
77364
39330
93772
73474
26760
68286
83710
70269
40508
8197
40238
10004
60112
37305
86783
98799
30729
83502
85767
71596
82930
17913
46315
7980
14128
49666
72654
72668
34040
41604
78387
60461
48976
95667
88921
35947
69865
9863
93441
6929
6889
58253
35756
82263
21360
69546
26853
13938
98915
92536
80523
96321
56725
23764
89088
32596
32908
7079
43675
65034
16872
80677
80621
84498
88533
31240
48225
22405
49237
23491
37888
82741
65801
54776
99816
99302
96117
49978
85147
8542
20018
17038
89984
54155
11008
73088
69379
41032
70467
36638
56467
42540
88419
29481
87237
59857
14832
4220
66118
12923
75989
87377
22927
19814
35839
4301
15239
943
52610
70175
80852
86258
91561
34026
23358
67773
42231
38802
88979
80147
28955
49531
56518
18336
44598
4117
92725
12940
23033
47090
49101
50137
4973
97153
82279
91564
42369
576
44352
2798
46331
4200
23762
41568
60139
93639
46862
41191
21245
14968
44748
35191
70515
37685
62286
32950
6902
36637
65141
45763
64340
79636
92458
40200
31882
31284
38994
42518
13642
88454
13230
61564
41937
27655
61179
20084
66033
27206
14255
46308
78617
98514
668
84445
68488
89612
99237
84870
67723
62544
24070
64414
98746
95171
50562
64353
85944
28192
99051
16863
38847
22803
17088
62654
19202
85548
48360
50890
19166
42671
30361
51870
75500
59923
3280
16592
97405
48229
52898
53198
56791
39473
5186
74108
18505
88019
40350
45564
6839
30369
89923
63219
86658
19050
16168
82352
59226
55839
15515
95407
53198
26179
85757
14545
85603
4366
47519
42418
88938
75725
48734
52004
62511
21493
94402
3014
52926
27726
84826
86122
73057
36513
49793
98535
93323
38906
24306
57311
27337
45805
76999
11407
71307
41800
16654
49696
23154
76210
56780
56653
33428
64128
44057
70780
88805
1009
1287
95775
16619
63952
93730
24507
69877
6734
87304
13334
35987
69501
82110
3565
65603
9325
94885
88849
64197
38499
65826
60003
98157
82270
49200
33037
81313
56862
53434
60783
67508
11260
39547
12085
66004
47840
39782
15177
19389
71489
78137
34318
69200
9428
36774
35622
38440
66792
62057
10003
64556
39077
58127
11212
71069
63653
92393
95493
49009
17626
43155
80381
66461
16047
47744
23339
3081
77614
40432
75927
12433
42679
62469
59014
18870
47768
6434
96652
40046
66398
66289
52131
6303
74261
87644
51364
19848
13800
60006
23517
84032
12446
50376
6186
20431
79151
2872
72264
92524
9091
29506
81022
25122
47577
69752
58614
51866
97580
47073
67783
84591
9142
91013
1939
25474
52311
89368
73526
92096
65840
21867
13439
60956
98508
31825
41145
15345
4780
8045
66641
43112
55416
84451
48982
76529
93494
92749
28283
28680
35625
97864
65077
68245
22598
24388
79806
75850
50169
60214
66417
36842
11172
50307
64399
70693
93154
96661
85246
20910
82895
84210
51208
6420
41586
94400
41702
20045
42519
93547
28872
7167
90993
55734
41757
20874
16968
79865
66673
64434
61507
79140
77437
85301
7398
13902
78678
62520
23325
75419
68619
82313
54729
31840
4978
37610
96233
59034
50079
51478
56901
4539
16998
54828
69849
11689
31979
43853
49902
89027
80751
10583
39102
60057
64144
29749
15030
93790
61403
21186
8684
65595
63677
58257
79253
11032
44460
9812
33522
30639
9905
94673
44215
94296
99930
98072
42510
12973
24699
83161
64
92338
44833
73870
39954
83842
30508
55692
31857
10973
83397
31022
78809
89287
26687
60338
5585
95058
84854
47719
37399
3063
78914
84149
77644
54610
60942
29332
95637
54559
12209
6034
28884
50147
67226
46024
35608
30542
14161
99537
55796
30917
87475
96521
51263
4465
40862
30892
41395
31365
69428
19766
2824
39437
64882
58017
37645
87240
80212
4909
41067
43429
76319
17613
67731
98137
78764
42997
32457
21240
64601
74277
269
86335
98352
77269
96367
51903
71478
70451
59003
18141
11299
49067
72456
65671
27992
46232
66612
84142
99583
48359
53610
25942
42584
1922
36488
46280
82687
98411
60607
62353
99371
25261
35084
97169
56549
41521
1202
71929
5099
27093
17700
36179
40353
68970
65637
65654
16968
17803
21002
50355
97432
56575
43409
23225
2228
72343
79744
35662
96496
22413
98776
27528
75606
38923
44867
22328
92004
17670
98132
97302
26870
53250
55996
46789
20330
58429
44004
29915
76508
91662
61564
20156
97708
37901
44613
93345
91773
53455
30758
24278
3859
49980
7972
64819
16608
85131
42373
37518
25700
27119
19097
64100
75653
66196
60138
91802
95156
68623
6086
60242
22688
23495
7814
40072
3863
55650
33326
25825
25978
56991
66665
14619
39277
10031
56466
77135
90697
3723
81290
95134
72222
41944
65221
63164
15103
1740
65003
92361
80244
12649
89785
88496
30965
40009
1830
12094
95902
18840
76941
47971
25401
54734
38786
5504
82922
56944
12219
23513
55511
47526
86860
67206
10806
57622
70076
33580
49900
4365
82079
8330
8831
93170
44182
60173
58933
6369
83540
52713
44121
31282
98786
23737
93352
10919
39353
95710
54585
40799
80495
19918
20691
22257
4681
46675
40263
43961
5954
27379
97858
62879
23051
16414
51649
92325
59961
18487
53385
12886
44619
95065
94157
86693
57710
52955
53247
34262
27619
91877
91133
15937
97994
21629
80769
53250
43520
6654
16231
8958
76474
4194
25784
94101
99021
17545
1896
4237
41051
46066
53376
53897
30620
84102
71629
96551
37032
38369
30508
58158
82423
8218
28369
80006
77321
68458
66174
53882
62771
56097
71589
66878
51773
66919
39147
7296
61862
30654
51812
51208
71478
89643
29559
29447
48412
18555
29871
75699
81070
12754
98018
28293
17478
99013
94418
47589
23903
47741
3065
53200
90857
50315
111
36382
3001
49281
6330
89640
17834
56929
84349
18561
20397
84278
98713
64393
38006
76038
66032
74576
64053
96419
33635
19006
74718
71566
76455
22800
43137
87859
29614
3998
15928
98729
29448
44166
8264
41578
20115
42546
39293
76974
84147
73518
87419
8292
86730
9525
85992
61212
91991
39236
42286
56943
67706
46615
36241
67774
36846
76104
77907
55972
22797
1176
36907
87532
28654
95134
76442
65366
16052
71333
83800
25319
21727
37498
33893
19036
27180
14718
73778
64258
30461
22979
64239
29590
74181
77672
28832
35425
63062
9492
52645
43623
22960
27373
76436
7082
5133
61964
63493
83839
89278
1683
22620
2069
58357
60128
90415
27089
50611
10881
92132
26621
96122
6870
25698
73835
19411
36441
79747
53964
62978
3268
78548
27362
84570
15805
51560
31598
79058
83946
99588
91822
1941
33876
490
60597
43095
44042
87937
85803
64801
36440
99364
62653
19915
18519
75209
45993
67959
1020
89553
46679
63957
91251
46073
1114
89894
87688
98062
53027
79016
60478
13630
70368
19775
38189
40351
62887
26354
38888
37126
15067
51366
71264
92176
57662
49225
76507
91053
51027
482
58916
17449
86782
84872
44638
93472
83006
22599
64626
23925
71501
71121
67655
47710
39908
88232
33314
54642
63525
60573
87628
48921
38880
49410
42113
39668
21522
49528
15528
49327
64760
79045
83609
18823
50883
92777
6762
21019
27508
95252
36995
68289
81414
67462
16058
28022
45843
40349
42942
13840
76053
86590
71147
99372
25300
2668
7794
9048
78008
94536
59319
81514
34063
40712
11831
82702
14091
60954
70437
70289
99244
92439
89672
13899
86216
61989
67730
20308
47529
37057
36345
48991
53131
1852
64244
8965
27517
90604
73093
47764
38083
77422
60062
16627
74704
32734
38907
18395
82514
69852
37884
3446
87086
1589
7419
9788
74205
81593
91004
55173
39458
25062
6756
44344
28808
56718
93113
73021
7267
50821
80200
62163
20064
48853
97708
83789
12843
52389
20063
94603
63608
11390
49829
46286
11194
75966
6645
84934
43647
488
1565
76519
41225
29807
32992
71951
70910
61757
59367
26267
56414
11376
3713
22163
40039
56517
26789
39292
58369
42430
77467
444
86264
46866
64326
44241
78766
97009
72855
80838
62552
47793
15518
75452
6772
5262
41494
23186
94983
41187
42567
93404
36166
84845
9974
90770
32661
71740
89897
48192
2588
11764
15726
17335
28237
6310
21003
23479
69533
96207
5325
29307
34726
25820
70831
60894
97418
22930
7440
98490
36865
91225
84647
38726
88202
47433
14096
74485
56198
50654
18475
15085
19915
32247
91166
31328
74961
9056
14534
14058
46214
93562
11838
27078
72273
89679
77156
71453
21321
96011
47143
51981
35938
776
62857
21532
76795
58162
60068
48074
97753
18602
23223
1199
45746
3578
86182
72434
36781
96206
43691
60474
59985
36678
47935
4893
78563
31402
34595
45610
43269
78749
18818
26788
3739
42718
4894
22151
54112
9497
79737
58265
20217
96868
6910
63000
81245
35116
72984
87388
89262
95915
5324
35739
79521
12334
86949
66781
12844
36344
21482
44053
53571
75505
18837
723
39677
19178
98304
15084
74841
523
21341
34723
96884
82341
27686
89633
69391
84111
91244
74010
24086
81981
50341
55533
62603
57987
91894
27550
19096
51377
46170
73321
27310
87552
27243
92174
30971
38554
6520
10259
81131
78984
5330
19978
96547
22104
28400
19486
38384
24324
62739
15703
13419
93236
73540
84129
69980
10178
74081
33530
36360
26115
67501
48307
93533
88296
81910
24525
27750
4824
46521
68297
78298
23604
53722
40998
68772
45732
86988
96165
29418
84383
90484
49816
41613
48188
42289
44239
36027
60911
31912
36709
7906
53550
26942
18093
36318
88981
11051
92293
59106
35022
19418
91443
57220
10526
43127
2446
69460
47520
97790
69217
86837
89467
30767
14410
84363
89248
92951
32937
69633
91975
53397
4898
54299
3389
13593
6350
617
44165
66708
76820
47122
90140
79787
13428
26969
47730
64418
24996
89058
93114
27486
4782
18643
83462
72202
9909
92731
38495
98249
21333
27683
45100
36241
87331
56232
88785
81766
40612
68659
58977
61123
32277
35980
32459
23500
17333
21158
59400
98787
87957
53599
52175
46001
32324
86070
34367
5766
52463
86389
26027
81373
14671
68767
90388
37408
71089
37225
67446
4951
83469
42926
54730
98874
15115
80870
27116
80079
99989
88652
96270
76871
54299
78305
49105
45273
88069
89026
40259
9914
23072
6779
49106
48920
32230
47422
69763
45859
26745
41860
19819
9934
48325
8950
72814
55355
3299
3007
21147
40343
2764
26143
96738
61374
30136
88023
35439
94418
74445
10816
11421
46405
90836
73678
12466
77632
86339
10012
77901
50313
59763
13394
56096
32300
63328
6308
86706
46255
93464
30962
84616
52223
50004
43077
67977
79207
88692
53388
66388
3340
5259
15203
19514
84963
58378
38642
31968
86583
93935
768
70779
6109
29548
16103
19932
94084
94279
65474
80365
79280
20509
79324
55473
56551
29740
70334
91736
49841
89729
38251
45608
95850
17267
26476
92694
31305
24374
61141
26289
99185
99848
9272
97092
61250
19868
32812
15113
32531
71313
68655
32983
10217
11866
6768
38829
73111
76734
49749
49818
85525
30877
4939
4943
28856
32247
93097
45622
74444
24578
3062
33011
51849
17333
201
51321
66555
91351
69420
42021
50386
25557
75018
48382
57001
48959
71384
59370
77151
9840
27259
73899
62118
51365
71225
23952
21298
35208
46649
89130
35225
77815
36994
26688
97875
46159
33765
85468
18413
73712
145
24377
799
93913
51464
45204
85031
89940
11762
82713
45889
51877
57462
77095
79570
96630
35520
35579
80143
47010
85687
75231
86460
77087
37217
48878
16224
82190
55157
8978
95539
56053
33179
35875
39344
44017
61191
19991
1554
59618
56278
57276
56188
5439
43821
37979
72202
2104
80716
90183
79391
24490
86594
59112
31444
20235
94533
47888
99850
14529
81770
67298
96853
86386
83547
46949
28707
24911
96983
25993
81326
38405
48864
50062
89420
2621
70711
35869
7383
41958
22674
8484
24783
22115
89020
46958
23643
94428
14045
18030
16455
44017
41349
63962
27863
92616
37035
47187
5377
54213
13898
76577
38057
6722
61024
90657
77046
9154
64941
83662
25013
14096
31970
73569
67935
67463
72962
83181
87977
56579
72270
77784
31017
8815
50154
23316
74503
86906
92921
36334
38816
443
58061
43957
26223
65747
60137
5873
77736
37041
69613
21979
82567
51755
50764
50328
65595
31898
44774
59207
29591
43048
30369
20766
33692
63240
82767
80217
70807
23796
90758
46963
29632
64246
24561
66411
3973
82528
57154
19083
30347
12738
69391
70011
93821
28453
42173
45130
9786
72471
3162
76369
1732
85972
67448
23351
66247
13188
99620
53180
75048
91567
6360
15638
21928
70072
35544
93631
98215
26978
68212
85365
8461
58749
89139
10804
11465
74250
61175
75511
37389
96136
7086
76598
81786
48698
32406
43577
25259
14426
67763
48139
20322
83348
97393
3368
85953
64866
5375
35331
59730
75623
22172
70483
61626
58751
42462
74516
8720
9853
2872
71905
14312
5422
92134
61656
50994
15149
70758
95444
43387
11672
3407
93300
90734
91235
55170
13797
86261
24271
35063
5588
7704
2028
98812
67565
94996
98625
52471
42426
41853
47658
73260
52516
1622
24591
96270
1511
79220
54628
27613
95881
34766
59830
22169
13873
92599
57523
52995
90385
74940
91606
46295
39450
23109
41496
31209
38915
44298
72173
99726
19003
70040
7491
93807
18513
22370
90449
44209
55547
90108
77577
96422
49995
40897
35882
39791
87831
12592
40028
47027
58684
31255
29476
29144
42085
37783
44696
63173
57897
17534
38498
36452
70938
47533
19077
6193
56665
83964
56587
6874
23317
2774
71531
7607
83245
26004
60095
8053
70143
74192
15724
41859
73327
33673
11801
85037
77887
39910
77921
27487
41282
85474
56912
28104
89052
82412
24082
35371
76122
15600
20169
25729
73972
70872
70690
6286
45632
4063
77350
69387
67960
75446
53014
83802
7135
8563
69515
37460
59568
36482
5361
33071
1908
36455
91512
63651
89656
3156
26824
55527
1572
70873
86206
32578
79589
7614
76773
7920
86489
55634
90231
30444
50748
76793
86574
26859
78691
49744
93843
26594
99876
52222
804
58473
51331
73243
79458
95784
2366
70123
96953
26982
81743
19084
55544
62345
16134
31543
7623
26894
49423
88387
25071
39620
66556
16504
9559
25101
47190
5176
14686
95469
65567
59338
12650
82934
5538
82280
30575
17230
56243
11212
62078
70497
67956
30100
32871
82244
96334
95874
11596
9533
69478
64394
69021
93961
10464
26082
3934
11070
53655
99951
66127
84778
72567
49619
88019
66261
89080
20606
23986
79788
98684
46966
15855
27755
71050
83663
86779
21327
84393
19382
58206
78598
29130
16685
90645
93312
97577
46513
49969
6980
60798
21986
444
15970
73025
63198
62369
57571
85169
22946
8105
73196
89965
72019
23398
812
15726
28765
33004
32280
58044
58413
47653
18857
83638
43809
38955
95021
21433
44931
51563
52322
4252
10532
40146
28857
78120
62156
7195
21408
33331
99375
17916
92866
26637
1023
97352
52105
55689
48499
32398
47593
63006
42597
67707
27515
47857
86
47356
64979
95196
69220
33097
50419
63550
82096
83661
54992
70702
12684
46373
16265
20782
30014
23589
72194
60379
73547
77097
3137
30690
21505
28441
24718
36095
23550
94596
13479
2601
75735
89865
89795
1716
46979
79417
22282
83545
31724
97799
6606
6223
75861
80132
5233
12128
82320
28196
16795
35519
88876
94879
85321
92573
51629
95120
66599
74470
89946
29583
63491
31946
42935
10690
76741
60231
74140
20267
7865
13581
88816
36902
44440
43450
50761
10134
94274
82693
41188
11116
16320
26379
72670
93796
45578
61318
89802
65176
58039
98663
77521
79368
72961
81476
7644
51637
88728
64383
25869
48822
59325
65323
95222
98755
24795
1540
9157
31968
10599
14313
33896
63190
76979
64836
2737
27828
14849
9398
42482
14925
16640
69669
82558
11075
55101
5077
4620
78415
47372
72458
95304
94370
20091
65947
76173
41403
16697
96253
48585
63327
75539
93616
72220
51364
89596
51260
18706
75734
13593
83460
86026
38624
66595
10190
16665
14618
46892
3445
89454
59624
16041
78930
25021
66672
3771
6379
56432
33066
57310
77251
26187
43834
28262
95029
55958
92479
41642
37639
40409
23394
46681
55108
45799
89312
89915
71985
74638
82356
28253
20766
11241
64047
96683
37716
90927
60409
88137
15853
54315
55144
28188
75227
52731
33166
23345
76821
6848
56556
55163
38076
11945
96147
44748
69786
25247
58092
38680
17618
95749
6994
37547
73745
20762
71079
70037
11202
77266
39691
34516
85062
20845
89508
85242
35080
99881
92473
45537
78969
13266
21413
5691
20714
56139
34276
23263
51837
88409
77119
10726
62666
75036
94576
73793
66257
34977
99789
57793
25006
24357
50724
96976
59258
29274
97611
499
5865
88551
29783
31940
33098
63577
8702
27891
21456
19503
94186
69686
79156
66006
15083
76343
79719
93729
23050
69655
85194
58975
91242
86737
41992
40575
79114
2738
67300
7293
17361
39747
6213
22829
77942
70342
19949
32787
51704
63334
58748
58728
4435
8062
78593
27534
85553
57799
4302
80281
28474
68856
16854
56318
16822
80449
48105
41522
19475
43422
77171
70804
45828
40777
54606
65848
78274
86368
38778
48199
57470
7465
99706
57025
99999
6983
92850
10511
17102
37253
20954
72615
85992
28196
10267
42990
74502
84837
92300
95334
25954
46855
57102
42356
67126
36102
49443
35226
21062
60413
18824
28137
26528
25111
89905
52514
31526
92873
6023
46866
30196
52789
55143
5509
66223
27331
42393
72065
33700
31603
65378
82284
63569
16304
3187
39675
6628
45378
89546
26185
25501
86636
77080
36322
56079
62757
41908
89483
32164
35084
22392
19613
91773
76052
42260
21455
15924
16966
83639
49335
17144
80549
34721
84561
29124
88090
48736
72775
11721
57817
56833
33863
82455
27872
43359
45242
53619
51179
29259
55480
42791
15251
3599
59381
89233
63972
43450
27852
68239
11210
32154
30528
44214
52088
10529
19254
88735
29585
80783
25521
56634
69128
47076
21912
6486
42809
40530
20267
65678
11810
34813
63391
69426
49267
59758
42157
77093
24410
54804
84418
26487
60055
81020
4513
14750
85144
83676
10798
27725
99999
32336
66671
94560
87753
27080
3434
53864
23146
80569
609
32274
63976
11746
25093
58925
36532
10651
31805
11998
62352
99417
50997
58375
11873
81
40092
26158
37719
45850
66306
94462
51982
30495
27741
25636
32317
29018
60080
65013
20424
8920
18588
30077
57964
99818
59596
67669
93319
79022
95697
53731
71183
25948
36167
35831
79574
64783
20147
84439
28833
99575
92333
81267
13156
7275
45375
96130
58819
3317
84595
85096
3781
66107
54250
47244
14148
33537
93836
77920
48466
40857
93972
97510
63624
9383
98790
74341
18048
16807
81402
29182
7072
36221
57052
88213
72023
53100
90026
23323
76599
92600
59045
78366
19778
91935
42533
69109
2589
44426
73919
58225
94071
71171
80346
82933
58590
89518
25774
45948
81404
41395
89962
1473
32028
95692
36498
42980
92404
66845
26041
24994
84448
26347
30853
98627
34635
99737
86329
10823
12501
36956
88601
73859
88808
98122
16318
56676
96061
43096
38281
46743
17491
28783
49375
67334
71622
22841
19714
42954
50751
14714
43783
63000
84076
13190
50866
19654
33770
81994
52839
3275
56677
69346
50868
94116
75358
53237
7278
35637
8870
42090
85613
40556
89070
29588
23803
9028
29782
86485
37875
51670
42923
8470
80140
27457
92587
56348
75074
95993
4495
82700
79412
8077
17988
68428
97502
19047
66550
22166
6664
15247
57177
13229
47260
51748
23354
62226
22604
49286
9608
3377
86630
16261
87794
36386
39254
40313
5093
64587
75826
32096
73989
10742
92502
5170
4290
95299
69461
93047
18512
63943
98373
72787
99087
24043
56707
67380
14874
60152
98840
67000
11701
39673
28729
92020
27761
19285
48570
69808
30361
38717
61801
51009
68019
80826
41645
61570
34258
77658
14446
87511
52161
74679
21765
4752
38139
94225
44866
91556
61887
79485
14852
5651
45042
3767
3621
59900
78347
30055
7558
61101
82535
49016
60380
26554
2824
8596
88502
6969
18201
57702
33802
65411
31787
51701
65876
4103
84881
53903
61373
18710
59714
63317
72120
11824
40183
59979
25449
20329
5024
71235
36379
47146
10236
44714
76242
31786
59281
75827
35988
43535
31483
64786
96947
25162
70213
71958
89546
15855
73288
5585
39662
22284
4715
66042
99473
97681
27631
99995
19721
50115
69846
67788
23377
85717
94611
22804
2271
74806
57619
95747
89543
71758
39241
68877
8368
94727
59906
96715
25357
37429
62530
78395
67640
68588
63874
27931
44519
29415
8628
23498
46703
16158
7256
8628
32190
32146
32217
41323
72844
69330
24570
65754
4324
74893
36356
40472
6688
31431
36197
1301
36492
1957
80751
99982
863
43742
65636
81069
36499
60331
40657
15144
33405
87844
55833
75053
99113
15347
36266
60532
86744
79770
59356
3325
85206
35214
76463
57643
27487
59125
97773
78729
53992
59274
36968
99414
70917
22902
22733
50807
28129
52246
52142
28462
2036
43694
14606
41393
1902
6963
64237
67518
82881
40142
87507
93604
55485
66373
21322
44745
78076
16317
91606
72230
81359
5128
83366
11405
77639
5226
45962
78088
58807
14847
1494
91412
92598
41007
82833
68506
47754
57255
358
65809
89518
73962
77933
68949
76278
79919
97090
32006
25738
81120
90679
83357
46681
81969
73537
62809
6039
98328
27266
39839
71282
24554
96042
81728
82621
75428
64708
22124
98752
90335
5498
6145
16325
88549
3506
56933
57158
18532
2860
64395
15324
51479
83487
99068
42809
69833
76618
41826
62458
94084
3899
43077
79033
74538
57562
86260
26159
44936
74102
90429
29021
29634
96878
29861
67555
86403
73155
18369
49881
55409
20110
74626
64607
61615
10382
76143
8258
40020
90071
9915
1887
99306
15980
86657
81943
64418
73459
11014
5709
15366
32854
90006
23135
57211
27362
57099
9358
86434
87825
11651
89873
77693
85904
18184
54222
20521
95666
20505
62984
53804
38313
89260
6671
13539
21931
8973
24933
19692
39229
54913
97532
48939
54665
19419
1581
9616
80110
40074
7498
93782
98055
93100
59980
50022
3172
99107
68660
66262
19886
80174
671
94157
85235
84044
94226
98922
36446
70493
59445
84436
99014
36660
78490
81265
45598
43188
35376
16109
5748
48925
46518
18809
10711
68908
16102
38583
90365
169
21236
42596
89657
58039
58070
92089
88913
85681
5560
62030
25330
87976
99593
29188
72069
96523
75665
24851
92682
18488
48090
63658
7285
29985
80762
31248
35033
38639
63021
25668
88189
22208
53624
42634
52831
84468
21603
69003
71698
89901
16357
12717
11001
17749
86729
98917
21937
76854
75076
88491
86081
31906
96723
40615
29283
32298
42915
92130
96828
74368
94877
38133
70511
61464
9998
17014
47586
6542
43247
13290
9243
81846
40596
76349
41317
98990
57877
41587
69956
65723
91706
16478
46111
573
4385
4741
95894
85025
53207
43248
39253
37552
90613
14028
86113
74938
38594
5194
86365
99436
48240
23361
13143
73828
45222
53926
39245
73624
35419
92916
45381
5542
92382
93064
64497
24788
32381
78127
16356
31132
64539
31181
36320
52243
45328
31037
54946
82381
84324
37864
9696
62464
6384
67258
23272
13108
42704
43572
42431
32697
16895
85546
96595
73725
81368
74701
35683
95804
78080
9720
15625
54529
1779
69757
28981
88958
30034
36821
46414
83889
50599
84364
55408
86463
35315
49028
4835
28156
80494
86911
66385
85753
27491
70913
77222
18254
58618
84821
19180
68536
41478
31766
37097
64459
47788
12384
20623
44704
66314
19566
81122
91519
47484
18562
29376
49514
19128
84243
24946
76784
82204
50350
64204
63723
91591
44604
57866
70081
84244
57895
67648
43621
16864
75690
82039
93539
85441
26007
63766
44606
75586
68361
75795
58847
75766
3903
84680
32195
59755
65935
92961
70337
40036
83441
18878
37185
62324
10370
75020
82057
80877
76927
25272
16628
26851
25108
11022
18114
92936
74460
13065
13100
7907
99025
81679
19917
70342
84419
3480
23385
21585
64350
61127
58536
39275
76404
43615
83920
46392
22282
76616
72259
72830
39640
9317
40000
652
56281
66850
48565
49669
77573
83321
53715
5827
46433
4983
59983
35243
23679
28567
90984
88443
72745
58920
44012
22726
84283
76390
91322
43825
25339
19368
32500
39777
86465
84020
89335
97065
6247
76968
139
71824
66618
33380
65859
8681
60310
7148
22696
38461
81237
11111
12292
52588
9738
98447
80705
74576
92343
79548
10327
8521
3330
66183
31669
17694
48017
62031
64394
56406
30135
57801
17595
93638
25992
62378
8608
63387
7680
44819
23781
29168
36944
10340
7991
96610
2239
15266
75695
87851
25008
9431
79829
51054
76494
71335
54564
49851
63371
3227
40266
34060
92097
83635
59928
84175
44341
63903
50374
11514
37727
14473
76300
27975
13937
33760
19091
94967
42160
4130
5356
68531
55997
24453
86335
27102
4323
60700
9887
45532
31455
54073
30816
23679
17374
44794
51191
89856
10658
80671
5650
56760
27922
37610
87202
51376
52526
38060
44761
16205
24647
819
2926
10776
98873
97951
5610
68207
53292
11781
28470
87063
29821
37927
59434
66834
4255
72131
94171
64678
75646
17431
29599
13641
1931
21090
52422
19467
86925
91296
68106
28461
19180
41058
54438
62318
77774
31331
71446
25008
96149
44916
27433
26743
95227
69822
33955
40982
936
52670
6917
37629
7699
74494
69542
77074
72525
43910
73382
23541
71326
9043
57445
61915
7584
51380
82614
48401
59719
6543
23456
74665
83032
87841
74609
79787
89399
54270
15622
79771
76130
29890
95283
93522
75848
93646
85333
97221
98815
72086
92313
7872
62255
57191
30267
78363
2425
25460
56588
32962
49921
4480
40029
12072
2258
18595
12911
64337
33689
8268
78499
6621
44207
31638
79483
19475
29676
23359
29847
37871
44776
99565
91343
24793
22028
80422
45571
51815
8504
64446
66579
23671
33821
93680
56029
91999
7993
47936
49738
46369
16587
13404
36623
44091
22727
60373
97144
21957
17075
2949
9851
29685
74638
46559
63548
27991
85894
27025
29217
27576
2948
49898
61946
48048
84195
65058
62625
92949
23725
41088
52102
26719
16983
47723
15415
99491
42306
58442
33829
22141
27009
11962
68684
41511
80583
33942
42288
74376
95134
84575
71205
35018
29933
44229
47104
23050
73085
84404
49494
15468
80969
30488
72190
47306
57758
76661
80067
88348
81745
27011
52790
3321
88046
41611
92685
75291
98125
16084
8148
19345
41223
43438
31890
5212
54923
440
8870
78300
19218
98068
88949
42861
73401
23642
81678
93609
82665
38187
93702
44679
3286
31879
13213
68976
67615
44493
35180
84187
52666
90730
49160
44410
55846
90292
23381
22886
63342
24824
86213
64833
97442
73671
36728
43482
19640
94968
58491
39174
53034
81837
7269
54026
85484
46834
5675
89458
59625
54318
22048
45949
30889
61110
93987
96479
16694
6364
10442
89148
34646
18724
5185
35811
49592
48041
12530
13636
41682
81775
32699
54046
95306
44341
58108
7993
79038
7811
53526
47146
90092
79474
46349
2285
319
30519
71212
51676
64378
46957
20290
2292
31840
58526
29747
55352
3232
30758
49618
20176
41031
41477
87144
78510
38087
81744
30600
8399
58199
64884
22094
70411
70366
47659
79535
31980
13695
84313
21364
48560
54934
2538
10570
2294
78451
37913
75062
45226
7785
16410
8843
17605
42266
95664
59424
67612
3753
20263
84649
21917
26111
90206
4803
45914
98283
8808
40471
2398
624
80479
52174
98428
9272
72712
62455
3061
98624
15636
26236
33479
99285
84671
41135
79132
15161
62965
87857
77255
45600
74507
86727
5975
68748
86050
81601
38622
21018
49889
48386
72999
28797
48415
92120
64796
18550
17605
88638
17132
12091
11536
19511
18151
53662
67149
22867
76419
13616
27343
41870
92749
56071
96304
30139
70536
2485
1235
44248
64036
33422
512
35283
53506
33859
25520
67327
64570
40083
72746
39198
95439
64952
49802
18845
54529
5199
1031
86558
18290
85362
17852
95
87981
98557
25159
12925
97532
27583
58062
1770
68869
22348
36630
65195
29574
68236
74644
48251
10231
95490
98362
57493
46050
93437
91613
21432
97263
56845
56673
58488
3834
73575
98346
42730
63169
66744
70031
60080
44788
83287
24139
65607
17858
89297
13758
59188
3199
35173
55800
52085
65309
30579
18771
20785
95290
43106
93487
70547
30709
83871
69012
26302
45679
99384
89245
92258
47103
35798
14611
26851
96042
10197
72916
95478
15046
13731
57370
40840
96903
44078
64312
31554
77666
15936
94060
28405
56533
1163
38718
19319
48895
73584
23236
78861
31466
86018
48700
65976
61476
40925
25579
69124
40491
53950
57130
57499
54609
40668
14853
97310
53940
48649
31561
67816
90690
22307
60205
83624
21180
10973
48239
93819
20526
25488
62329
17283
49758
72932
9389
3655
79897
91836
91709
96271
83429
83335
82160
25771
32798
60615
38802
33396
2088
25030
61548
87580
11351
89999
89709
27231
23127
62534
4247
55925
50523
91471
71573
67434
71508
43254
95760
92892
25514
7115
45153
1501
10287
53082
44154
79166
6685
50116
9211
8925
41758
21029
73635
35333
65859
64535
31270
80380
71932
86489
13316
20269
9557
52513
48104
39286
73491
11845
92094
400
35809
77634
13986
70043
71789
93267
695
24687
72197
72264
8063
32287
23806
74346
13752
25566
12846
92994
63697
92114
6257
54486
81407
84772
32588
98130
46312
17791
33764
50759
65884
69645
21939
63304
11022
17671
58383
92066
67180
73745
26686
35679
23201
1672
48575
6440
95828
25660
16689
50349
79130
32726
50127
55156
53106
72159
13061
10701
37883
15002
19782
22850
36725
91971
34076
23436
12287
8653
72334
40207
64897
39486
47397
54430
26695
35792
62186
83002
26176
82695
86208
42329
51000
51336
21718
58006
53026
7624
75563
3310
79266
57000
61823
64362
3236
64904
43014
93970
65320
17553
38784
24594
85660
66242
77886
3841
32084
26740
36503
22318
17461
8058
66002
72662
49273
95248
2172
8089
70597
62025
38110
52295
8666
18690
47953
42638
48656
35881
85895
36266
99823
11676
1741
86551
85666
55893
7298
69430
31329
38348
59299
16437
97428
98085
98571
89734
15781
40170
57354
63960
27587
39124
63204
12692
59421
45258
7263
70903
6572
20546
45487
49252
28533
95530
52365
36803
12887
40960
29521
96694
95408
29316
48125
13790
36461
41410
25069
3979
17632
76330
11621
79442
53877
16127
89715
88245
34356
12239
24442
84098
12539
5053
62319
43739
79700
2696
41139
13752
31189
82373
44024
53036
98811
20556
87876
20923
52542
39313
80432
69920
6777
92490
88871
32635
18832
81630
8831
63459
42360
1333
16230
29920
99719
45498
82798
7659
55892
76632
6109
8788
45781
93349
37575
10670
62787
80224
13822
92234
77757
7380
22221
28736
78299
93374
13496
69981
60489
82202
91696
75785
9649
80424
47271
92585
93329
9419
15831
580
74661
56353
25095
83545
8786
12272
6761
62893
65534
78629
80590
25683
37057
77551
17653
61934
6292
7097
57812
33591
65050
10943
28405
39611
6597
20622
30130
8841
21856
97361
76735
31362
51831
33539
69945
73843
22003
86551
17946
51175
55156
37219
17284
21824
51919
96812
30364
9802
23498
69920
25793
55157
88065
58540
93700
32990
5025
5659
73876
94704
32489
77586
79841
58548
37467
9659
28740
52041
90839
77315
93165
22725
25588
24961
75730
48259
92828
3363
44162
64444
86218
70482
89035
14147
19142
86816
65313
12695
14059
4628
77358
71869
24636
68961
6524
90031
44010
81212
25010
48212
68265
42530
50165
95704
58943
67603
91116
49421
33406
73232
60450
64015
31628
30728
86462
39047
28149
61460
52461
56012
58141
41962
47739
36741
43754
75611
81682
4339
77680
31692
61483
83422
31866
5837
70855
88772
45606
61930
33963
24884
3231
7000
81846
89762
38503
50058
43171
8663
20580
19128
19576
12753
47675
66195
29556
18432
62100
9319
83738
74321
68466
99827
19638
47835
65970
15406
17783
76755
31032
33721
44169
92281
8899
20808
1840
54932
96347
86749
88223
63632
70852
28886
24650
18437
49653
30967
70221
13981
79713
8740
14471
58572
56558
59936
99284
762
65298
11649
88929
71838
15055
10727
75772
55648
89551
61247
68568
5023
95386
15773
86060
93538
78502
185
24062
32876
34763
73832
47429
87086
60445
55505
15066
1737
85372
43760
41606
1900
7774
68124
86323
8046
52950
41851
26908
64307
1562
21477
88434
16980
8938
29155
4735
45472
99764
96226
12615
39803
76546
10689
60756
70267
51818
27951
44830
15743
28421
725
51192
45254
9474
69355
74327
61597
25351
55908
66513
65023
71595
989
57188
56822
69619
53909
38648
47129
24628
95661
83828
83769
29259
23191
85233
30903
42098
24305
62253
87609
66161
54509
48690
70539
76235
52748
36352
93316
97651
17102
28553
49035
56131
33049
57875
52282
16977
22813
87524
69790
63033
24809
50781
41871
38220
51137
94927
55245
43681
70158
42949
79692
23218
39397
58474
31910
9113
62515
97556
75525
50120
54186
45355
68288
84660
94110
58241
78676
29717
31129
32571
91855
96840
16212
8005
89782
95119
31472
3244
55342
88538
5396
6426
77740
20671
26532
43143
26817
35485
63166
66898
51727
6808
636
2229
67178
18151
12248
59245
261
37085
51640
61779
53423
79005
35746
36156
43156
43047
14756
35140
26888
39735
58754
87321
49969
33405
8231
93871
6922
4840
69940
85065
60522
16412
84010
36383
95808
19929
24272
72369
97837
23975
71638
96041
65831
80090
64405
16979
64795
26979
52593
43079
44765
30472
18240
30315
74141
5293
55482
96992
3824
43924
4624
14988
83944
46269
47120
10305
48575
13698
84215
31650
53396
41673
99063
45226
81135
99377
79114
64771
3247
90318
91377
28645
15495
80747
38782
69155
76455
66609
17315
73559
27520
85034
4282
59472
13464
70626
44441
52861
81887
16929
52839
85628
25560
36242
1947
17450
98539
61900
87745
75469
88641
47893
42900
72538
24437
45237
46236
23260
79400
12199
33510
47193
74930
40636
34226
3980
30598
95881
27347
32320
57749
86693
88308
62700
18007
20418
4913
55701
34148
35300
32330
28690
80809
50093
98861
24743
63233
465
868
89819
41737
1811
32278
25864
82556
20064
18336
62141
95497
37235
54441
26168
5425
37339
80664
95270
77461
33898
34676
66000
10772
43590
37560
65462
60017
14514
94524
76076
90494
5352
8325
30132
84069
86244
63520
321
29024
33206
69646
52457
15839
86026
74768
34888
4796
86779
53962
5012
40114
56832
56416
55631
27867
12062
68360
63838
14211
70404
45979
74233
18428
66733
99279
42993
80069
29765
29068
96379
62607
1856
62756
14766
63278
56506
52724
27184
29312
40144
96775
74476
53495
27884
58367
45314
25139
12210
89140
7321
53393
69192
22202
84453
14132
64873
30725
32870
62062
43096
53524
26415
89321
46073
15582
43650
55731
37045
43317
35684
28320
20836
52483
10909
17188
51083
32640
42671
33936
96909
86765
51001
98322
58093
47962
8639
2339
18359
33516
9721
67626
39215
67024
49503
67731
74783
67617
58355
13875
74968
14851
81071
590
1150
72164
31498
50833
80355
55659
81164
70395
66848
75889
46757
950
56232
30839
9487
56722
41869
74312
72922
29370
68829
3715
35776
25529
47409
63368
55780
60894
49759
50463
13116
94247
18529
80710
34145
17552
62818
80581
18082
88863
60012
81862
31370
74958
62423
86065
15716
55900
75408
15642
3437
25936
42936
55150
39197
24591
8835
34469
96435
34824
90309
23798
42827
25404
88992
19220
91507
93494
3995
80889
96355
94466
3082
88086
95397
18226
13854
64361
60994
23778
60313
99622
55218
25082
80348
37108
50202
91284
46902
26598
9533
58076
31969
74245
18790
76311
90124
20613
24785
8245
55938
4924
72375
6573
68376
73161
60553
592
38929
84530
27631
3220
99377
35778
65586
86238
33279
32454
15797
15464
73411
13697
57828
83322
6054
80093
83289
26277
64682
78632
37701
35599
22928
18653
94662
70934
61221
99596
9765
20438
97271
36803
94495
12209
70599
56223
49299
17390
76721
97637
26547
9509
31130
34094
35145
53305
25149
26631
31705
3134
65746
21230
27535
63888
36068
42736
11999
1724
26862
6044
98079
83813
1503
11695
4360
18994
58253
44223
1122
26182
5731
45192
15356
43853
64423
51356
98507
35740
43798
6365
6118
55855
44683
48043
20749
73706
61158
41235
7722
85120
1957
83932
13658
68079
23429
87162
50973
77670
33118
699
67375
4005
40714
23416
3533
56589
19607
14580
32841
20338
7296
75131
13759
31305
60335
19052
6006
27674
24540
79870
34722
61484
24330
68699
35450
67290
71493
62180
38845
90339
7582
12254
76287
83365
91642
6833
65661
8446
87024
94558
892
36923
65360
9669
52619
61479
21059
38870
28158
13158
13861
54591
43673
23387
45633
78478
29957
69160
3611
69404
26017
69982
65428
562
31297
58645
52288
29364
63118
92847
45167
37994
99150
56718
72882
11212
67892
66072
37766
41559
5
76929
11294
89527
16425
22753
3079
62293
35994
11804
59640
40460
19596
21410
669
80528
40568
47127
90664
10008
42646
40674
43729
78882
59322
35138
55575
61594
1474
21730
97271
2534
62962
22094
57425
25264
15698
89318
73894
90398
86871
28093
57855
34346
85508
82014
48331
67121
68321
37790
52662
71217
72878
3540
24809
86859
47172
60517
12614
46358
54228
99087
93812
58632
40798
39758
67317
23987
32938
62883
86028
44445
53562
73153
19190
75985
75122
34290
42517
96686
3912
44665
25409
13337
48419
19875
68232
18055
2213
10051
84736
32500
70173
73225
14471
14825
81658
15113
372
67748
8893
31349
29187
46545
14558
71130
60396
40323
54114
61558
12492
13154
22417
45177
12906
69760
14814
54093
95985
26996
12304
51218
47974
30640
30684
21895
96744
97704
54454
87122
4990
25075
45082
24031
57090
11738
68750
43205
54626
50005
87040
81968
39056
66860
81129
54089
34119
24039
30023
46574
69209
58237
34781
60340
65772
65184
45714
15305
15126
62321
53285
26523
12799
61085
57402
88544
70254
97567
79956
97218
50473
36121
91198
23673
9302
74055
15351
17793
24802
64861
55817
94035
66060
13996
6565
57075
18265
35640
23394
98027
24571
95023
93583
73367
48137
7860
87914
31387
11668
8834
40649
47378
23782
40533
63277
80834
6570
18591
67813
45284
43874
7241
63316
18173
75286
33164
44261
88527
76568
90054
81216
6220
92157
23530
26632
40127
44332
58962
50815
7647
50506
77761
78809
99342
94849
48579
66277
50203
72667
36619
15485
43734
76294
91537
14594
35142
12678
47543
76845
33876
40592
19774
9211
60202
41539
80231
2217
27360
64494
45656
34391
27249
61026
75635
66390
19732
19485
21745
2873
22338
75692
62081
51933
49254
6827
78397
23930
95876
57535
86796
81084
25386
76603
72148
24173
96202
2002
24421
84723
9724
78824
9931
85101
54202
2581
39652
9200
46671
85163
84792
29206
53391
69844
13452
59681
91719
12339
94933
95463
71657
492
46310
52315
66744
89501
96723
74452
70945
83031
71452
75102
60988
2907
96859
91965
19672
15262
70146
5293
7942
61986
52432
94436
11511
92024
42811
48899
50199
10427
44210
59959
43259
4342
5995
37156
40079
1353
29029
31418
9409
5604
6357
80357
96482
8577
51325
49975
30407
14330
57953
50975
60361
42247
96548
46951
24320
44411
70626
58895
52706
5049
12670
32960
68379
61627
83906
5773
90729
67287
36116
34184
86605
81888
63229
637
25671
5539
5569
56379
64202
92818
10709
7771
92387
3785
86244
38547
16830
7818
18160
94656
41197
54802
18721
47322
89269
38599
64177
78275
25481
88985
60681
39574
96641
1651
87622
54071
17959
84701
85307
55499
33824
20540
20890
86664
82032
90135
47010
33267
11905
79452
6019
17327
50796
17976
43360
55737
82147
94996
5892
92228
55575
19848
34827
18803
24968
16522
22316
7463
91750
45086
84012
92026
54368
22847
4064
66354
31637
18909
31326
35313
25354
55718
71733
27414
77035
34339
25405
83390
44031
87471
61475
17024
3298
92007
40257
64678
97484
53114
52404
12050
53191
55534
57219
29891
18602
89557
19981
24810
99806
67583
40930
94894
83485
5882
91107
51707
32274
13038
88692
67173
74840
56066
57206
41343
28504
8151
81825
20739
53061
26002
25255
60487
67172
19005
40385
12160
10345
59619
81662
51417
72067
94346
76798
91985
45916
38438
65648
8654
38278
68833
91784
45820
99366
78537
10152
95618
25000
83410
61966
61192
39226
81842
23905
12032
10772
26957
77835
19476
87834
38719
98472
4486
20855
16138
91151
9295
766
57223
48278
7970
12540
83764
80834
38138
25543
66599
21359
16284
83056
65642
30344
96318
45937
82457
51029
42326
13561
8327
15706
80811
18101
93333
75435
93552
24183
84828
19600
99365
77093
3519
1621
21624
70956
19884
40667
11447
32275
83183
88939
98050
